:) 1.0 1.0 0.0 0.0 0.0 0.0 0.0
:-) 1.0 1.0 0.0 0.0 0.0 0.0 0.0
=) 1.0 1.0 0.0 0.0 0.0 0.0 0.0
(: 1.0 1.0 0.0 0.0 0.0 0.0 0.0
(-: 1.0 1.0 0.0 0.0 0.0 0.0 0.0
:D 1.0 1.0 0.0 0.0 0.0 0.0 0.0
:-D 1.0 1.0 0.0 0.0 0.0 0.0 0.0
"D 1.0 1.0 0.0 0.0 0.0 0.0 0.0
;) 1.0 1.0 0.0 0.0 0.0 0.0 0.0
;-) 1.0 1.0 0.0 0.0 0.0 0.0 0.0
;D 1.0 1.0 0.0 0.0 0.0 0.0 0.0
;-D 1.0 1.0 0.0 0.0 0.0 0.0 0.0
>:D< 1.0 1.0 0.0 0.0 0.0 0.0 0.0
/:) 1.0 1.0 0.0 0.0 0.0 0.0 0.0
:)] 1.0 1.0 0.0 0.0 0.0 0.0 0.0
:] 1.0 1.0 0.0 0.0 0.0 0.0 0.0
:-] 1.0 1.0 0.0 0.0 0.0 0.0 0.0
;;) 1.0 1.0 0.0 0.0 0.0 0.0 0.0
:* 1.0 1.0 0.0 0.0 0.0 0.0 0.0
:-* 1.0 1.0 0.0 0.0 0.0 0.0 0.0
:x 1.0 1.0 0.0 0.0 0.0 0.0 0.0
:-x 1.0 1.0 0.0 0.0 0.0 0.0 0.0
:"> 1.0 0.5 0.0 0.0 0.0 0.0 0.5
:> 1.0 0.5 0.0 0.0 0.0 0.0 0.0 
B) 1.0 1.0 0.0 0.0 0.0 0.0 0.0
B-) 1.0 1.0 0.0 0.0 0.0 0.0 0.0
8) 1.0 1.0 0.0 0.0 0.0 0.0 0.0
8-) 1.0 1.0 0.0 0.0 0.0 0.0 0.0
8> 1.0 1.0 0.0 0.0 0.0 0.0 0.0
8-> 1.0 1.0 0.0 0.0 0.0 0.0 0.0
O:-) 1.0 1.0 0.0 0.0 0.0 0.0 0.0
>:) 1.0 1.0 0.0 0.5 0.0 0.0 0.0
>:-) 1.0 1.0 0.0 0.5 0.0 0.0 0.0
I-) 1.0 0.5 0.0 0.0 0.0 0.0 0.0 
&:-) 1.0 1.0 0.0 0.0 0.0 0.0 0.0 
@:-) 1.0 1.0 0.0 0.0 0.0 0.0 0.0 
#:-) 1.0 1.0 0.0 0.0 0.0 0.0 0.0 
@}->-- 1.0 1.0 0.0 0.0 0.0 0.0 0.0     
@>-->-- 1.0 1.0 0.0 0.0 0.0 0.0 0.0 
(-_-) 1.0 1.0 0.0 0.0 0.0 0.0 0.0 
(@^@) 1.0 0.0 0.0 0.0 0.0 0.0 1.0 
(@_@) 1.0 0.0 0.0 0.0 0.0 0.0 1.0 
.-) 1.0 1.0 0.0 0.0 0.0 0.0 0.0  
:O) 1.0 1.0 0.0 0.0 0.0 0.0 0.0 
8-} 1.0 1.0 0.0 0.0 0.0 0.0 0.0 	
<:-P 1.0 1.0 0.0 0.0 0.0 0.0 0.0 	
=D> 1.0 1.0 0.0 0.0 0.0 0.0 0.0
@-) 1.0 1.0 0.0 0.0 0.0 0.0 0.0
\m/ 1.0 1.0 0.0 0.0 0.0 0.0 0.0
<):) 1.0 1.0 0.0 0.0 0.0 0.0 0.0
:^) 1.0 1.0 0.0 0.0 0.0 0.0 0.0
:( 1.0 0.0 1.0 0.0 0.0 0.0 0.0
:-( 1.0 0.0 1.0 0.0 0.0 0.0 0.0
8( 1.0 0.0 1.0 0.0 0.5 0.5 0.0
8-( 1.0 0.0 1.0 0.0 0.5 0.5 0.0
=( 1.0 0.0 1.0 0.0 0.0 0.0 0.0
:< 1.0 0.0 1.0 0.0 0.0 0.0 0.0
:-< 1.0 0.0 1.0 0.0 0.0 0.0 0.0
:P 1.0 0.5 0.0 0.0 0.0 0.0 0.0
:-P 1.0 0.5 0.0 0.0 0.0 0.0 0.0
:p 1.0 0.5 0.0 0.0 0.0 0.0 0.0
:-p 1.0 0.5 0.0 0.0 0.0 0.0 0.0
:d 1.0 0.5 0.0 0.0 0.0 0.0 0.0
:'( 1.0 0.0 1.0 0.0 0.0 0.0 0.0
:'-( 1.0 0.0 1.0 0.0 0.0 0.0 0.0
;( 1.0 0.0 1.0 0.0 0.0 0.0 0.0
;-( 1.0 0.0 1.0 0.0 0.0 0.0 0.0
:c 1.0 0.0 1.0 0.0 0.0 0.0 0.0
:-c 1.0 0.0 1.0 0.0 0.0 0.0 0.0
:-S 1.0 0.0 0.0 0.0 0.5 0.5 0.0
:S 1.0 0.0 0.0 0.0 0.5 0.5 0.0
:-s 1.0 0.0 0.0 0.0 0.5 0.5 0.0
:s 1.0 0.0 0.0 0.0 0.5 0.5 0.0
:-/ 1.0 0.0 0.0 0.0 0.5 0.5 0.0
:/ 1.0 0.0 0.0 0.0 0.5 0.5 0.0
:| 1.0 0.0 0.0 0.0 0.5 0.5 0.0
X_X 1.0 0.0 0.0 0.0 1.0 0.5 0.0
:O 1.0 0.0 0.0 0.0 0.0 0.0 1.0
:-O 1.0 0.0 0.0 0.0 0.0 0.0 1.0
:0 1.0 0.0 0.0 0.0 0.0 0.0 1.0
:-0 1.0 0.0 0.0 0.0 0.0 0.0 1.0
:! 1.0 0.0 0.0 0.0 0.0 0.0 1.0
x( 1.0 0.0 1.0 1.0 0.0 0.0 0.0
xx( 1.0 0.0 1.0 1.0 0.0 0.0 0.0
:-@ 1.0 0.0 0.0 1.0 0.0 0.5 0.0
:@ 1.0 0.0 0.0 1.0 0.0 0.5 0.0
>:( 1.0 0.0 0.5 1.0 0.0 0.5 0.0
>:-( 1.0 0.0 0.5 1.0 0.0 0.5 0.0
8o| 1.0 0.0 0.0 1.0 0.0 0.5 0.0
>:0 1.0 0.0 0.0 1.0 0.0 0.0 1.0
>:-0 1.0 0.0 0.0 1.0 0.0 0.0 1.0
:& 1.0 0.0 0.0 0.0 0.0 0.5 0.0
:-& 1.0 0.0 0.0 0.0 0.0 0.5 0.0
+o( 1.0 0.0 0.0 0.0 0.0 0.5 0.0
h8 1.0 1.0 0.0 0.0 0.0 0.0 0.0 
<3 1.0 1.0 0.0 0.0 0.0 0.0 0.0 
({) 1.0 1.0 0.0 0.0 0.0 0.0 0.0 
omg 1.0 0.0 0.0 0.0 0.0 0.0 1.0 
oic 1.0 0.0 0.0 0.0 0.0 0.0 1.0 
|) 1.0 1.0 0.0 0.0 0.0 0.0 0.0 
|-) 1.0 1.0 0.0 0.0 0.0 0.0 0.0
|( 1.0 0.0 1.0 0.0 0.5 0.5 0.0  
|-( 1.0 0.0 1.0 0.0 0.5 0.5 0.0 
]:) 1.0 1.0 0.0 0.0 0.0 0.0 0.0
rofl 1.0 1.0 0.0 0.0 0.0 0.0 0.0
lol 1.0 1.0 0.0 0.0 0.0 0.0 0.0
:rofl: 1.0 1.0 0.0 0.0 0.0 0.0 0.0
:lol: 1.0 1.0 0.0 0.0 0.0 0.0 0.0
wow 1.0 0.0 0.0 0.0 0.0 0.0 1.0
:wow: 1.0 0.0 0.0 0.0 0.0 0.0 1.0
wow! 1.0 0.0 0.0 0.0 0.0 0.0 1.0